0
any, strict: 0.786869209966051	0.8433549182855381	0.8141334762159911
any,overlap: 0.8327866965878359	0.8925686093123651	0.8616419598737869
normalized,strict: 0.8365690081186022	0.7388356324526537	0.7846707776352274
normalized,overlap: 0.8798976350158842	0.7771023302938197	0.8253114265612713
0.4520884520884521	0.3790395262005922	0.41235380628895574	0.4972113489270353	0.41893217794974275	0.37131422896582855

float("inf")
any, strict: 0.8231773980090914	0.8822695035460993	0.8516997082812408
any,overlap: 0.8327866965878359	0.8925686093123651	0.8616419598737869
normalized,strict: 0.8797219703838017	0.6806172550853402	0.7674663854468757
normalized,overlap: 0.8827440314294349	0.6829553425298106	0.7701028209860269
0.529891304347826	0.37635100360267626	0.4401143544989467	0.593139641345087	0.42210114364610946	0.39508490296945775
9
any, strict: 0.8231773980090914	0.8822695035460993	0.8516997082812408
any,overlap: 0.8327866965878359	0.8925686093123651	0.8616419598737869
normalized,strict: 0.8797219703838017	0.6806172550853402	0.7674663854468757
normalized,overlap: 0.8827440314294349	0.6829553425298106	0.7701028209860269
2873	4899	2645	0.5206596592968467	0.36966031909418423	0.43235515425131676	0.5831057212864144	0.4136577993116762	0.38660377707909044

-ID representation
any, strict: 0.8409618475090769	0.8713536848596978	0.8558880542767143
any,overlap: 0.8528659008392357	0.8836879432624114	0.8680033922946451
normalized,strict: 0.8909937888198758	0.6707972878185644	0.7653728157929839
normalized,overlap: 0.8956521739130435	0.67430441898527	0.76937441643324
2724	5048	2669	0.505099202670128	0.350488934637159	0.4138245347512343	0.5689197493154324	0.39013213505119915	0.36933635981991997
-ID representation
any, strict: 0.8409618475090769	0.8713536848596978	0.8558880542767143
any,overlap: 0.8528659008392357	0.8836879432624114	0.8680033922946451
normalized,strict: 0.8909937888198758	0.6707972878185644	0.7653728157929839
normalized,overlap: 0.8956521739130435	0.67430441898527	0.76937441643324
2746	5026	2645	0.509367464292339	0.35331960885229025	0.4172301147154904	0.5733608118500201	0.39401287661179674	0.37345218803646774

-attention
any, strict: 0.8409618475090769	0.8713536848596978	0.8558880542767143
any,overlap: 0.8528659008392357	0.8836879432624114	0.8680033922946451
normalized,strict: 0.8909937888198758	0.6707972878185644	0.7653728157929839
normalized,overlap: 0.8956521739130435	0.67430441898527	0.76937441643324
2796	4976	2593	0.5188346632028206	0.3597529593412249	0.4248917255527696	0.5820031287657184	0.39911604682288015	0.37951567506287714
0
any, strict: 0.8409618475090769	0.8713536848596978	0.8558880542767143
any,overlap: 0.8528659008392357	0.8836879432624114	0.8680033922946451
normalized,strict: 0.8909937888198758	0.6707972878185644	0.7653728157929839
normalized,overlap: 0.8956521739130435	0.67430441898527	0.76937441643324
2857	4915	2534	0.5299573363012429	0.3676016469377252	0.43409557091848366	0.5940857703447628	0.41013075154262063	0.3905896730073791

-gating
any, strict: 0.8409618475090769	0.8713536848596978	0.8558880542767143
any,overlap: 0.8528659008392357	0.8836879432624114	0.8680033922946451
normalized,strict: 0.8909937888198758	0.6707972878185644	0.7653728157929839
normalized,overlap: 0.8956521739130435	0.67430441898527	0.76937441643324
2786	4986	2607	0.5165955868718709	0.358466289243438	0.4232434485377896	0.5835618817633202	0.40073606948606827	0.38076209310436127

gru
6
any, strict: 0.8409618475090769	0.8713536848596978	0.8558880542767143
any,overlap: 0.8528659008392357	0.8836879432624114	0.8680033922946451
normalized,strict: 0.8909937888198758	0.6707972878185644	0.7653728157929839
normalized,overlap: 0.8956521739130435	0.67430441898527	0.76937441643324
2729	5043	2659	0.5064959168522642	0.3511322696860525	0.414741641337386	0.5753754638646721	0.39626788579126615	0.37528685780686993
7
any, strict: 0.8409618475090769	0.8713536848596978	0.8558880542767143
any,overlap: 0.8528659008392357	0.8836879432624114	0.8680033922946451
normalized,strict: 0.8909937888198758	0.6707972878185644	0.7653728157929839
normalized,overlap: 0.8956521739130435	0.67430441898527	0.76937441643324
2692	5080	2695	0.49972155188416556	0.34637159032424086	0.4091496314309598	0.5690706176317686	0.3901320252489309	0.3691269505678259

lstm
any, strict: 0.8409618475090769	0.8713536848596978	0.8558880542767143
any,overlap: 0.8528659008392357	0.8836879432624114	0.8680033922946451
normalized,strict: 0.8909937888198758	0.6707972878185644	0.7653728157929839
normalized,overlap: 0.8956521739130435	0.67430441898527	0.76937441643324
2669	5103	2738	0.49361938228222674	0.34341224909933094	0.40503831853706657	0.5642902660888267	0.38842124602016587	0.3671238697067906
1
any, strict: 0.8409618475090769	0.8713536848596978	0.8558880542767143
any,overlap: 0.8528659008392357	0.8836879432624114	0.8680033922946451
normalized,strict: 0.8909937888198758	0.6707972878185644	0.7653728157929839
normalized,overlap: 0.8956521739130435	0.67430441898527	0.76937441643324
2618	5154	2785	0.48454562280214697	0.3368502316006176	0.39741935483870966	0.5535099792294038	0.3766273095409785	0.35585823138110745
9
any, strict: 0.8409618475090769	0.8713536848596978	0.8558880542767143
any,overlap: 0.8528659008392357	0.8836879432624114	0.8680033922946451
normalized,strict: 0.8909937888198758	0.6707972878185644	0.7653728157929839
normalized,overlap: 0.8956521739130435	0.67430441898527	0.76937441643324
2737	5035	2657	0.507415647015202	0.352161605764282	0.41576788698161926	0.5776002774204211	0.3963402454859278	0.3759779460886148

hier-cnn
any, strict: 0.8409618475090769	0.8713536848596978	0.8558880542767143
any,overlap: 0.8528659008392357	0.8836879432624114	0.8680033922946451
normalized,strict: 0.8909937888198758	0.6707972878185644	0.7653728157929839
normalized,overlap: 0.8956521739130435	0.67430441898527	0.76937441643324
2599	5174	2806	0.4808510638297872	0.3343625369870063	0.39444528760054637	0.5522422122242265	0.3790640963752474	0.35681203874234607
9
any, strict: 0.8409618475090769	0.8713536848596978	0.8558880542767143
any,overlap: 0.8528659008392357	0.8836879432624114	0.8680033922946451
normalized,strict: 0.8909937888198758	0.6707972878185644	0.7653728157929839
normalized,overlap: 0.8956521739130435	0.67430441898527	0.76937441643324
2843	4929	2545	0.5276540460282109	0.3658003088008235	0.43206686930091187	0.592733226006607	0.40902054081010786	0.38933476822452745

bigru
0
any, strict: 0.8409618475090769	0.8713536848596978	0.8558880542767143
any,overlap: 0.8528659008392357	0.8836879432624114	0.8680033922946451
normalized,strict: 0.8909937888198758	0.6707972878185644	0.7653728157929839
normalized,overlap: 0.8956521739130435	0.67430441898527	0.76937441643324
2586	5187	2809	0.4793327154772938	0.3326900810497877	0.3927703523693803	0.5588436443652268	0.38332127504789276	0.3616518529754555

bilstm
0
any, strict: 0.8409618475090769	0.8713536848596978	0.8558880542767143
any,overlap: 0.8528659008392357	0.8836879432624114	0.8680033922946451
normalized,strict: 0.8909937888198758	0.6707972878185644	0.7653728157929839
normalized,overlap: 0.8956521739130435	0.67430441898527	0.76937441643324
2579	5194	2828	0.4769742925836878	0.3317895278528239	0.391350531107739	0.5513779685542274	0.3766427816787528	0.3547112857998367

any, strict: 0.8409618475090769	0.8713536848596978	0.8558880542767143
any,overlap: 0.8528659008392357	0.8836879432624114	0.8680033922946451
normalized,strict: 0.8909937888198758	0.6707972878185644	0.7653728157929839
normalized,overlap: 0.8956521739130435	0.67430441898527	0.76937441643324
2616	5157	2781	0.4847137298499166	0.3365495947510614	0.39726651480637815	0.5582940740314841	0.3820791468723119	0.36067781284338934

max
0
any, strict: 0.8409618475090769	0.8713536848596978	0.8558880542767143
any,overlap: 0.8528659008392357	0.8836879432624114	0.8680033922946451
normalized,strict: 0.8909937888198758	0.6707972878185644	0.7653728157929839
normalized,overlap: 0.8956521739130435	0.67430441898527	0.76937441643324
2669	5103	2729	0.4944423860689144	0.34341224909933094	0.4053151100987092	0.5630499596326934	0.3875315980981439	0.36601403148929074

mean
0
any, strict: 0.8409618475090769	0.8713536848596978	0.8558880542767143
any,overlap: 0.8528659008392357	0.8836879432624114	0.8680033922946451
normalized,strict: 0.8909937888198758	0.6707972878185644	0.7653728157929839
normalized,overlap: 0.8956521739130435	0.67430441898527	0.76937441643324
2495	5277	2899	0.4625509825732295	0.3210241893978384	0.3790065319763026	0.5417184434270763	0.36602182789233123	0.3445953234749934

self-attention
any, strict: 0.8409618475090769	0.8713536848596978	0.8558880542767143
any,overlap: 0.8528659008392357	0.8836879432624114	0.8680033922946451
normalized,strict: 0.8909937888198758	0.6707972878185644	0.7653728157929839
normalized,overlap: 0.8956521739130435	0.67430441898527	0.76937441643324
2770	5002	2623	0.5136287780456147	0.3564076170869789	0.4208127611090011	0.5808956630899076	0.40063779645614167	0.38003258910285864

any, strict: 0.8409618475090769	0.8713536848596978	0.8558880542767143
any,overlap: 0.8528659008392357	0.8836879432624114	0.8680033922946451
normalized,strict: 0.8909937888198758	0.6707972878185644	0.7653728157929839
normalized,overlap: 0.8956521739130435	0.67430441898527	0.76937441643324
2736	5036	2651	0.5078893632819751	0.35203293875450337	0.4158370696861463	0.5759058088194775	0.3966532917522119	0.37566665128368365

any, strict: 0.8409618475090769	0.8713536848596978	0.8558880542767143
any,overlap: 0.8528659008392357	0.8836879432624114	0.8680033922946451
normalized,strict: 0.8909937888198758	0.6707972878185644	0.7653728157929839
normalized,overlap: 0.8956521739130435	0.67430441898527	0.76937441643324
2746	5026	2641	0.5097456840542046	0.35331960885229025	0.4173569420168706	0.5763346964785812	0.39692230730899747	0.376006325751748

att
0
any, strict: 0.8409618475090769	0.8713536848596978	0.8558880542767143
any,overlap: 0.8528659008392357	0.8836879432624114	0.8680033922946451
normalized,strict: 0.8909937888198758	0.6707972878185644	0.7653728157929839
normalized,overlap: 0.8956521739130435	0.67430441898527	0.76937441643324
2778	4994	2620	0.5146350500185254	0.35743695316520846	0.4218678815489749	0.5818840032868807	0.3999306149485991	0.37985733528832316

any, strict: 0.8409618475090769	0.8713536848596978	0.8558880542767143
any,overlap: 0.8528659008392357	0.8836879432624114	0.8680033922946451
normalized,strict: 0.8909937888198758	0.6707972878185644	0.7653728157929839
normalized,overlap: 0.8956521739130435	0.67430441898527	0.76937441643324
2807	4965	2585	0.5205860534124629	0.3611682964487905	0.4264661197204497	0.5859205542658777	0.4036911230256542	0.38364844210931387

gating
3
any, strict: 0.8409618475090769	0.8713536848596978	0.8558880542767143
any,overlap: 0.8528659008392357	0.8836879432624114	0.8680033922946451
normalized,strict: 0.8909937888198758	0.6707972878185644	0.7653728157929839
normalized,overlap: 0.8956521739130435	0.67430441898527	0.76937441643324
2719	5053	2671	0.5044526901669759	0.34984559958826555	0.41315909436255893	0.5738035345949012	0.393123807647188	0.3724420632230782

any, strict: 0.8409618475090769	0.8713536848596978	0.8558880542767143
any,overlap: 0.8528659008392357	0.8836879432624114	0.8680033922946451
normalized,strict: 0.8909937888198758	0.6707972878185644	0.7653728157929839
normalized,overlap: 0.8956521739130435	0.67430441898527	0.76937441643324
2699	5073	2688	0.5010209764247262	0.34727225939269174	0.41021354206246674	0.5708428262385096	0.3905777126550499	0.36989893778215754

5
any, strict: 0.8409618475090769	0.8713536848596978	0.8558880542767143
any,overlap: 0.8528659008392357	0.8836879432624114	0.8680033922946451
normalized,strict: 0.8909937888198758	0.6707972878185644	0.7653728157929839
normalized,overlap: 0.8956521739130435	0.67430441898527	0.76937441643324
2710	5062	2688	0.5020377917747314	0.3486875965002573	0.41154138192862566	0.573466880840981	0.3940410957946919	0.3735860032159392


elmo
any, strict: 0.8409618475090769	0.8713536848596978	0.8558880542767143
any,overlap: 0.8528659008392357	0.8836879432624114	0.8680033922946451
normalized,strict: 0.8909937888198758	0.6707972878185644	0.7653728157929839
normalized,overlap: 0.8956521739130435	0.67430441898527	0.76937441643324
2786	4986	2609	0.516404077849861	0.358466289243438	0.4231791600212653	0.5819879760527239	0.39912219574989244	0.3792931872573789

any, strict: 0.8409618475090769	0.8713536848596978	0.8558880542767143
any,overlap: 0.8528659008392357	0.8836879432624114	0.8680033922946451
normalized,strict: 0.8909937888198758	0.6707972878185644	0.7653728157929839
normalized,overlap: 0.8956521739130435	0.67430441898527	0.76937441643324
2747	5025	2648	0.5091751621872104	0.35344827586206895	0.4172552593605225	0.5766957263360135	0.39416659978710233	0.3742712707246708

elmo+knowl
6
any, strict: 0.8409618475090769	0.8713536848596978	0.8558880542767143
any,overlap: 0.8528659008392357	0.8836879432624114	0.8680033922946451
normalized,strict: 0.8909937888198758	0.6707972878185644	0.7653728157929839
normalized,overlap: 0.8956521739130435	0.67430441898527	0.76937441643324
2833	4939	2559	0.5254080118694362	0.36451363870303655	0.4304162868429049	0.5898232462980663	0.4056159018838863	0.38613092386130266

any, strict: 0.8409618475090769	0.8713536848596978	0.8558880542767143
any,overlap: 0.8528659008392357	0.8836879432624114	0.8680033922946451
normalized,strict: 0.8909937888198758	0.6707972878185644	0.7653728157929839
normalized,overlap: 0.8956521739130435	0.67430441898527	0.76937441643324
2818	4954	2574	0.5226261127596439	0.36258363355635614	0.4281373442722577	0.5877018664788447	0.4042831219539841	0.3845150736843013

First
0
any, strict: 0.8409618475090769	0.8713536848596978	0.8558880542767143
any,overlap: 0.8528659008392357	0.8836879432624114	0.8680033922946451
normalized,strict: 0.8909937888198758	0.6707972878185644	0.7653728157929839
normalized,overlap: 0.8956521739130435	0.67430441898527	0.76937441643324
2771	5001	2623	0.5137189469781238	0.3565362840967576	0.42093270545344064	0.5828002932319475	0.4018714249379708	0.3814069653811183

cnn
0
any, strict: 0.82317	0.88226	0.85169
any,overlap: 0.83278	0.89256	0.86164
normalized,strict: 0.87182	0.68279	0.76582
normalized,overlap: 0.87481	0.68513	0.76844
2756	5016	2815	0.49470	0.35460	0.41310	0.56646	0.41058	0.37834
0
any, strict: 0.82317	0.88226	0.85169
any,overlap: 0.83278	0.89256	0.86164
normalized,strict: 0.87182	0.68279	0.76582
normalized,overlap: 0.87481	0.68513	0.76844
2889	4883	2669	0.51979	0.37171	0.43345	0.58022	0.41909	0.38767
0
any, strict: 0.82317	0.88226	0.85169
any,overlap: 0.83278	0.89256	0.86164
normalized,strict: 0.87182	0.68279	0.76582
normalized,overlap: 0.87481	0.68513	0.76844
2918	4854	2645	0.52453	0.37545	0.43764	0.58566	0.42260	0.39167

transformer
0
any, strict: 0.82317	0.88226	0.85169
any,overlap: 0.83278	0.89256	0.86164
normalized,strict: 0.87182	0.68279	0.76582
normalized,overlap: 0.87481	0.68513	0.76844
2606	5166	2964	0.46786	0.33530	0.39064	0.53568	0.38171	0.34881
0
any, strict: 0.82317	0.88226	0.85169
any,overlap: 0.83278	0.89256	0.86164
normalized,strict: 0.87182	0.68279	0.76582
normalized,overlap: 0.87481	0.68513	0.76844
2867	4905	2696	0.51536	0.36888	0.42999	0.57743	0.41731	0.38562
0
any, strict: 0.82317	0.88226	0.85169
any,overlap: 0.83278	0.89256	0.86164
normalized,strict: 0.87182	0.68279	0.76582
normalized,overlap: 0.87481	0.68513	0.76844
2918	4854	2645	0.52453	0.37545	0.43764	0.58566	0.42260	0.39167
1
any, strict: 0.82317	0.88226	0.85169
any,overlap: 0.83278	0.89256	0.86164
normalized,strict: 0.87182	0.68279	0.76582
normalized,overlap: 0.87481	0.68513	0.76844
2630	5142	2936	0.47251	0.33839	0.39436	0.53776	0.38256	0.35006
1
any, strict: 0.82317	0.88226	0.85169
any,overlap: 0.83278	0.89256	0.86164
normalized,strict: 0.87182	0.68279	0.76582
normalized,overlap: 0.87481	0.68513	0.76844
2813	4959	2750	0.50566	0.36194	0.42189	0.56893	0.40951	0.37769
1
any, strict: 0.82317	0.88226	0.85169
any,overlap: 0.83278	0.89256	0.86164
normalized,strict: 0.87182	0.68279	0.76582
normalized,overlap: 0.87481	0.68513	0.76844
2918	4854	2645	0.52453	0.37545	0.43764	0.58566	0.42260	0.39167
2
any, strict: 0.82317	0.88226	0.85169
any,overlap: 0.83278	0.89256	0.86164
normalized,strict: 0.87182	0.68279	0.76582
normalized,overlap: 0.87481	0.68513	0.76844
2639	5133	2922	0.47455	0.33955	0.39585	0.53929	0.38399	0.35151
2
any, strict: 0.82317	0.88226	0.85169
any,overlap: 0.83278	0.89256	0.86164
normalized,strict: 0.87182	0.68279	0.76582
normalized,overlap: 0.87481	0.68513	0.76844
2796	4976	2767	0.50260	0.35975	0.41934	0.56568	0.40665	0.37474
2
any, strict: 0.82317	0.88226	0.85169
any,overlap: 0.83278	0.89256	0.86164
normalized,strict: 0.87182	0.68279	0.76582
normalized,overlap: 0.87481	0.68513	0.76844
2918	4854	2645	0.52453	0.37545	0.43764	0.58566	0.42260	0.39167
3
any, strict: 0.82317	0.88226	0.85169
any,overlap: 0.83278	0.89256	0.86164
normalized,strict: 0.87182	0.68279	0.76582
normalized,overlap: 0.87481	0.68513	0.76844
2639	5133	2924	0.47438	0.33955	0.39580	0.53939	0.38395	0.35145
3
any, strict: 0.82317	0.88226	0.85169
any,overlap: 0.83278	0.89256	0.86164
normalized,strict: 0.87182	0.68279	0.76582
normalized,overlap: 0.87481	0.68513	0.76844
2797	4975	2766	0.50278	0.35988	0.41949	0.56577	0.40674	0.37483
3
any, strict: 0.82317	0.88226	0.85169
any,overlap: 0.83278	0.89256	0.86164
normalized,strict: 0.87182	0.68279	0.76582
normalized,overlap: 0.87481	0.68513	0.76844
2918	4854	2645	0.52453	0.37545	0.43764	0.58566	0.42260	0.39167
4
any, strict: 0.82317	0.88226	0.85169
any,overlap: 0.83278	0.89256	0.86164
normalized,strict: 0.87182	0.68279	0.76582
normalized,overlap: 0.87481	0.68513	0.76844
2628	5144	2936	0.47232	0.33813	0.39412	0.53566	0.38114	0.34833
4
any, strict: 0.82317	0.88226	0.85169
any,overlap: 0.83278	0.89256	0.86164
normalized,strict: 0.87182	0.68279	0.76582
normalized,overlap: 0.87481	0.68513	0.76844
2777	4995	2786	0.49919	0.35730	0.41649	0.56193	0.40385	0.37162
4
any, strict: 0.82317	0.88226	0.85169
any,overlap: 0.83278	0.89256	0.86164
normalized,strict: 0.87182	0.68279	0.76582
normalized,overlap: 0.87481	0.68513	0.76844
2918	4854	2645	0.52453	0.37545	0.43764	0.58566	0.42260	0.39167
5
any, strict: 0.82317	0.88226	0.85169
any,overlap: 0.83278	0.89256	0.86164
normalized,strict: 0.87182	0.68279	0.76582
normalized,overlap: 0.87481	0.68513	0.76844
2627	5145	2937	0.47214	0.33800	0.39397	0.53605	0.38172	0.34884
5
any, strict: 0.82317	0.88226	0.85169
any,overlap: 0.83278	0.89256	0.86164
normalized,strict: 0.87182	0.68279	0.76582
normalized,overlap: 0.87481	0.68513	0.76844
2757	5015	2806	0.49559	0.35473	0.41349	0.56007	0.40230	0.36994
5
any, strict: 0.82317	0.88226	0.85169
any,overlap: 0.83278	0.89256	0.86164
normalized,strict: 0.87182	0.68279	0.76582
normalized,overlap: 0.87481	0.68513	0.76844
2918	4854	2645	0.52453	0.37545	0.43764	0.58566	0.42260	0.39167
6
any, strict: 0.82317	0.88226	0.85169
any,overlap: 0.83278	0.89256	0.86164
normalized,strict: 0.87182	0.68279	0.76582
normalized,overlap: 0.87481	0.68513	0.76844
2598	5174	2968	0.46676	0.33427	0.38956	0.53018	0.37614	0.34322
6
any, strict: 0.82317	0.88226	0.85169
any,overlap: 0.83278	0.89256	0.86164
normalized,strict: 0.87182	0.68279	0.76582
normalized,overlap: 0.87481	0.68513	0.76844
2747	5025	2816	0.49379	0.35344	0.41199	0.56034	0.40299	0.37067
6
any, strict: 0.82317	0.88226	0.85169
any,overlap: 0.83278	0.89256	0.86164
normalized,strict: 0.87182	0.68279	0.76582
normalized,overlap: 0.87481	0.68513	0.76844
2918	4854	2645	0.52453	0.37545	0.43764	0.58566	0.42260	0.39167
7
any, strict: 0.82317	0.88226	0.85169
any,overlap: 0.83278	0.89256	0.86164
normalized,strict: 0.87182	0.68279	0.76582
normalized,overlap: 0.87481	0.68513	0.76844
2628	5144	2934	0.47249	0.33813	0.39418	0.53646	0.38185	0.34912
7
any, strict: 0.82317	0.88226	0.85169
any,overlap: 0.83278	0.89256	0.86164
normalized,strict: 0.87182	0.68279	0.76582
normalized,overlap: 0.87481	0.68513	0.76844
2728	5044	2835	0.49038	0.35100	0.40914	0.55719	0.40116	0.36842
7
any, strict: 0.82317	0.88226	0.85169
any,overlap: 0.83278	0.89256	0.86164
normalized,strict: 0.87182	0.68279	0.76582
normalized,overlap: 0.87481	0.68513	0.76844
2918	4854	2645	0.52453	0.37545	0.43764	0.58566	0.42260	0.39167
8
any, strict: 0.82317	0.88226	0.85169
any,overlap: 0.83278	0.89256	0.86164
normalized,strict: 0.87182	0.68279	0.76582
normalized,overlap: 0.87481	0.68513	0.76844
2626	5146	2935	0.47221	0.33787	0.39390	0.53724	0.38200	0.34942
8
any, strict: 0.82317	0.88226	0.85169
any,overlap: 0.83278	0.89256	0.86164
normalized,strict: 0.87182	0.68279	0.76582
normalized,overlap: 0.87481	0.68513	0.76844
2729	5043	2833	0.49065	0.35113	0.40932	0.55732	0.40130	0.36856
8
any, strict: 0.82317	0.88226	0.85169
any,overlap: 0.83278	0.89256	0.86164
normalized,strict: 0.87182	0.68279	0.76582
normalized,overlap: 0.87481	0.68513	0.76844
2912	4860	2651	0.52345	0.37467	0.43674	0.58513	0.42216	0.39118
9
any, strict: 0.82317	0.88226	0.85169
any,overlap: 0.83278	0.89256	0.86164
normalized,strict: 0.87182	0.68279	0.76582
normalized,overlap: 0.87481	0.68513	0.76844
2626	5146	2937	0.47204	0.33787	0.39385	0.53607	0.38219	0.34907
9
any, strict: 0.82317	0.88226	0.85169
any,overlap: 0.83278	0.89256	0.86164
normalized,strict: 0.87182	0.68279	0.76582
normalized,overlap: 0.87481	0.68513	0.76844
2729	5043	2833	0.49065	0.35113	0.40932	0.55732	0.40130	0.36856
9
any, strict: 0.82317	0.88226	0.85169
any,overlap: 0.83278	0.89256	0.86164
normalized,strict: 0.87182	0.68279	0.76582
normalized,overlap: 0.87481	0.68513	0.76844
2912	4860	2651	0.52345	0.37467	0.43674	0.58513	0.42216	0.39118
10
any, strict: 0.82317	0.88226	0.85169
any,overlap: 0.83278	0.89256	0.86164
normalized,strict: 0.87182	0.68279	0.76582
normalized,overlap: 0.87481	0.68513	0.76844
2630	5142	2932	0.47285	0.33839	0.39448	0.53766	0.38280	0.35000
10
any, strict: 0.82317	0.88226	0.85169
any,overlap: 0.83278	0.89256	0.86164
normalized,strict: 0.87182	0.68279	0.76582
normalized,overlap: 0.87481	0.68513	0.76844
2729	5043	2833	0.49065	0.35113	0.40932	0.55732	0.40130	0.36856
10
any, strict: 0.82317	0.88226	0.85169
any,overlap: 0.83278	0.89256	0.86164
normalized,strict: 0.87182	0.68279	0.76582
normalized,overlap: 0.87481	0.68513	0.76844
2912	4860	2651	0.52345	0.37467	0.43674	0.58513	0.42216	0.39118
11
any, strict: 0.82317	0.88226	0.85169
any,overlap: 0.83278	0.89256	0.86164
normalized,strict: 0.87182	0.68279	0.76582
normalized,overlap: 0.87481	0.68513	0.76844
2620	5152	2942	0.47105	0.33710	0.39298	0.53527	0.38134	0.34835
11
any, strict: 0.82317	0.88226	0.85169
any,overlap: 0.83278	0.89256	0.86164
normalized,strict: 0.87182	0.68279	0.76582
normalized,overlap: 0.87481	0.68513	0.76844
2729	5043	2833	0.49065	0.35113	0.40932	0.55732	0.40130	0.36856
11
any, strict: 0.82317	0.88226	0.85169
any,overlap: 0.83278	0.89256	0.86164
normalized,strict: 0.87182	0.68279	0.76582
normalized,overlap: 0.87481	0.68513	0.76844
2912	4860	2651	0.52345	0.37467	0.43674	0.58513	0.42216	0.39118
12
any, strict: 0.82317	0.88226	0.85169
any,overlap: 0.83278	0.89256	0.86164
normalized,strict: 0.87182	0.68279	0.76582
normalized,overlap: 0.87481	0.68513	0.76844
2616	5156	2944	0.47050	0.33659	0.39243	0.53471	0.38061	0.34770
12
any, strict: 0.82317	0.88226	0.85169
any,overlap: 0.83278	0.89256	0.86164
normalized,strict: 0.87182	0.68279	0.76582
normalized,overlap: 0.87481	0.68513	0.76844
2729	5043	2833	0.49065	0.35113	0.40932	0.55732	0.40130	0.36856
12
any, strict: 0.82317	0.88226	0.85169
any,overlap: 0.83278	0.89256	0.86164
normalized,strict: 0.87182	0.68279	0.76582
normalized,overlap: 0.87481	0.68513	0.76844
2912	4860	2651	0.52345	0.37467	0.43674	0.58513	0.42216	0.39118
13
any, strict: 0.82317	0.88226	0.85169
any,overlap: 0.83278	0.89256	0.86164
normalized,strict: 0.87182	0.68279	0.76582
normalized,overlap: 0.87481	0.68513	0.76844
2618	5154	2942	0.47086	0.33685	0.39273	0.53508	0.38072	0.34785
13
any, strict: 0.82317	0.88226	0.85169
any,overlap: 0.83278	0.89256	0.86164
normalized,strict: 0.87182	0.68279	0.76582
normalized,overlap: 0.87481	0.68513	0.76844
2728	5044	2834	0.49047	0.35100	0.40917	0.55719	0.40116	0.36842
13
any, strict: 0.82317	0.88226	0.85169
any,overlap: 0.83278	0.89256	0.86164
normalized,strict: 0.87182	0.68279	0.76582
normalized,overlap: 0.87481	0.68513	0.76844
2903	4869	2660	0.52184	0.37352	0.43539	0.58353	0.42065	0.38966
14
any, strict: 0.82317	0.88226	0.85169
any,overlap: 0.83278	0.89256	0.86164
normalized,strict: 0.87182	0.68279	0.76582
normalized,overlap: 0.87481	0.68513	0.76844
2616	5156	2946	0.47033	0.33659	0.39238	0.53500	0.38095	0.34799
14
any, strict: 0.82317	0.88226	0.85169
any,overlap: 0.83278	0.89256	0.86164
normalized,strict: 0.87182	0.68279	0.76582
normalized,overlap: 0.87481	0.68513	0.76844
2730	5042	2832	0.49083	0.35126	0.40947	0.55774	0.40144	0.36879
14
any, strict: 0.82317	0.88226	0.85169
any,overlap: 0.83278	0.89256	0.86164
normalized,strict: 0.87182	0.68279	0.76582
normalized,overlap: 0.87481	0.68513	0.76844
2903	4869	2660	0.52184	0.37352	0.43539	0.58353	0.42065	0.38966
15
any, strict: 0.82317	0.88226	0.85169
any,overlap: 0.83278	0.89256	0.86164
normalized,strict: 0.87182	0.68279	0.76582
normalized,overlap: 0.87481	0.68513	0.76844
2597	5175	2967	0.46675	0.33414	0.38947	0.53295	0.37920	0.34612
15
any, strict: 0.82317	0.88226	0.85169
any,overlap: 0.83278	0.89256	0.86164
normalized,strict: 0.87182	0.68279	0.76582
normalized,overlap: 0.87481	0.68513	0.76844
2716	5056	2846	0.48831	0.34945	0.40737	0.55533	0.39965	0.36680
15
any, strict: 0.82317	0.88226	0.85169
any,overlap: 0.83278	0.89256	0.86164
normalized,strict: 0.87182	0.68279	0.76582
normalized,overlap: 0.87481	0.68513	0.76844
2903	4869	2660	0.52184	0.37352	0.43539	0.58353	0.42065	0.38966
16
any, strict: 0.82317	0.88226	0.85169
any,overlap: 0.83278	0.89256	0.86164
normalized,strict: 0.87182	0.68279	0.76582
normalized,overlap: 0.87481	0.68513	0.76844
2604	5168	2958	0.46817	0.33504	0.39058	0.53387	0.37851	0.34638
16
any, strict: 0.82317	0.88226	0.85169
any,overlap: 0.83278	0.89256	0.86164
normalized,strict: 0.87182	0.68279	0.76582
normalized,overlap: 0.87481	0.68513	0.76844
2721	5051	2843	0.48903	0.35010	0.40806	0.55588	0.40013	0.36728
16
any, strict: 0.82317	0.88226	0.85169
any,overlap: 0.83278	0.89256	0.86164
normalized,strict: 0.87182	0.68279	0.76582
normalized,overlap: 0.87481	0.68513	0.76844
2903	4869	2660	0.52184	0.37352	0.43539	0.58353	0.42065	0.38966
17
any, strict: 0.82317	0.88226	0.85169
any,overlap: 0.83278	0.89256	0.86164
normalized,strict: 0.87182	0.68279	0.76582
normalized,overlap: 0.87481	0.68513	0.76844
2591	5181	2971	0.46583	0.33337	0.38863	0.53334	0.37805	0.34589
17
any, strict: 0.82317	0.88226	0.85169
any,overlap: 0.83278	0.89256	0.86164
normalized,strict: 0.87182	0.68279	0.76582
normalized,overlap: 0.87481	0.68513	0.76844
2715	5057	2846	0.48822	0.34933	0.40726	0.55559	0.39993	0.36708
17
any, strict: 0.82317	0.88226	0.85169
any,overlap: 0.83278	0.89256	0.86164
normalized,strict: 0.87182	0.68279	0.76582
normalized,overlap: 0.87481	0.68513	0.76844
2903	4869	2660	0.52184	0.37352	0.43539	0.58353	0.42065	0.38966
18
any, strict: 0.82317	0.88226	0.85169
any,overlap: 0.83278	0.89256	0.86164
normalized,strict: 0.87182	0.68279	0.76582
normalized,overlap: 0.87481	0.68513	0.76844
2559	5213	3002	0.46016	0.32925	0.38385	0.53013	0.37482	0.34266
18
any, strict: 0.82317	0.88226	0.85169
any,overlap: 0.83278	0.89256	0.86164
normalized,strict: 0.87182	0.68279	0.76582
normalized,overlap: 0.87481	0.68513	0.76844
2715	5057	2846	0.48822	0.34933	0.40726	0.55559	0.39993	0.36708
18
any, strict: 0.82317	0.88226	0.85169
any,overlap: 0.83278	0.89256	0.86164
normalized,strict: 0.87182	0.68279	0.76582
normalized,overlap: 0.87481	0.68513	0.76844
2903	4869	2660	0.52184	0.37352	0.43539	0.58353	0.42065	0.38966
19
any, strict: 0.82317	0.88226	0.85169
any,overlap: 0.83278	0.89256	0.86164
normalized,strict: 0.87182	0.68279	0.76582
normalized,overlap: 0.87481	0.68513	0.76844
2582	5190	2979	0.46430	0.33221	0.38730	0.53280	0.37728	0.34520
19
any, strict: 0.82317	0.88226	0.85169
any,overlap: 0.83278	0.89256	0.86164
normalized,strict: 0.87182	0.68279	0.76582
normalized,overlap: 0.87481	0.68513	0.76844
2715	5057	2846	0.48822	0.34933	0.40726	0.55559	0.39993	0.36708
19
any, strict: 0.82317	0.88226	0.85169
any,overlap: 0.83278	0.89256	0.86164
normalized,strict: 0.87182	0.68279	0.76582
normalized,overlap: 0.87481	0.68513	0.76844
2903	4869	2660	0.52184	0.37352	0.43539	0.58353	0.42065	0.38966


transformer-teacher
0
any, strict: 0.82317	0.88226	0.85169
any,overlap: 0.83278	0.89256	0.86164
normalized,strict: 0.87182	0.68279	0.76582
normalized,overlap: 0.87481	0.68513	0.76844
2691	5081	2880	0.48303	0.34624	0.40335	0.55445	0.39949	0.36681
0
any, strict: 0.82317	0.88226	0.85169
any,overlap: 0.83278	0.89256	0.86164
normalized,strict: 0.87182	0.68279	0.76582
normalized,overlap: 0.87481	0.68513	0.76844
2918	4854	2645	0.52453	0.37545	0.43764	0.58566	0.42260	0.39167
0
any, strict: 0.82317	0.88226	0.85169
any,overlap: 0.83278	0.89256	0.86164
normalized,strict: 0.87182	0.68279	0.76582
normalized,overlap: 0.87481	0.68513	0.76844
2918	4854	2645	0.52453	0.37545	0.43764	0.58566	0.42260	0.39167
1
any, strict: 0.82317	0.88226	0.85169
any,overlap: 0.83278	0.89256	0.86164
normalized,strict: 0.87182	0.68279	0.76582
normalized,overlap: 0.87481	0.68513	0.76844
2660	5112	2909	0.47764	0.34225	0.39877	0.54909	0.39378	0.36112
2
any, strict: 0.82317	0.88226	0.85169
any,overlap: 0.83278	0.89256	0.86164
normalized,strict: 0.87182	0.68279	0.76582
normalized,overlap: 0.87481	0.68513	0.76844
2600	5172	2963	0.46737	0.33453	0.38995	0.54046	0.38480	0.35290
3
any, strict: 0.82317	0.88226	0.85169
any,overlap: 0.83278	0.89256	0.86164
normalized,strict: 0.87182	0.68279	0.76582
normalized,overlap: 0.87481	0.68513	0.76844
2601	5171	2960	0.46772	0.33466	0.39015	0.54022	0.38481	0.35278
3
any, strict: 0.82317	0.88226	0.85169
any,overlap: 0.83278	0.89256	0.86164
normalized,strict: 0.87182	0.68279	0.76582
normalized,overlap: 0.87481	0.68513	0.76844
2886	4886	2677	0.51878	0.37133	0.43284	0.58145	0.41896	0.38785
4
any, strict: 0.82317	0.88226	0.85169
any,overlap: 0.83278	0.89256	0.86164
normalized,strict: 0.87182	0.68279	0.76582
normalized,overlap: 0.87481	0.68513	0.76844
2583	5189	2976	0.46465	0.33234	0.38751	0.53840	0.38300	0.35093
4
any, strict: 0.82317	0.88226	0.85169
any,overlap: 0.83278	0.89256	0.86164
normalized,strict: 0.87182	0.68279	0.76582
normalized,overlap: 0.87481	0.68513	0.76844
2892	4880	2671	0.51986	0.37210	0.43374	0.58320	0.41984	0.38903
5
any, strict: 0.82317	0.88226	0.85169
any,overlap: 0.83278	0.89256	0.86164
normalized,strict: 0.87182	0.68279	0.76582
normalized,overlap: 0.87481	0.68513	0.76844
2596	5176	2963	0.46699	0.33401	0.38946	0.54073	0.38506	0.35309
5
any, strict: 0.82317	0.88226	0.85169
any,overlap: 0.83278	0.89256	0.86164
normalized,strict: 0.87182	0.68279	0.76582
normalized,overlap: 0.87481	0.68513	0.76844
2816	4956	2747	0.50620	0.36232	0.42234	0.57224	0.41258	0.38077
5
any, strict: 0.82317	0.88226	0.85169
any,overlap: 0.83278	0.89256	0.86164
normalized,strict: 0.87182	0.68279	0.76582
normalized,overlap: 0.87481	0.68513	0.76844
2900	4872	2663	0.52130	0.37313	0.43494	0.58314	0.42066	0.38951
6
any, strict: 0.82317	0.88226	0.85169
any,overlap: 0.83278	0.89256	0.86164
normalized,strict: 0.87182	0.68279	0.76582
normalized,overlap: 0.87481	0.68513	0.76844
2609	5163	2948	0.46949	0.33569	0.39147	0.54272	0.38673	0.35482
6
any, strict: 0.82317	0.88226	0.85169
any,overlap: 0.83278	0.89256	0.86164
normalized,strict: 0.87182	0.68279	0.76582
normalized,overlap: 0.87481	0.68513	0.76844
2794	4978	2770	0.50215	0.35949	0.41901	0.56874	0.41117	0.37887
6
any, strict: 0.82317	0.88226	0.85169
any,overlap: 0.83278	0.89256	0.86164
normalized,strict: 0.87182	0.68279	0.76582
normalized,overlap: 0.87481	0.68513	0.76844
2896	4876	2667	0.52058	0.37261	0.43434	0.58294	0.42033	0.38925
7
any, strict: 0.82317	0.88226	0.85169
any,overlap: 0.83278	0.89256	0.86164
normalized,strict: 0.87182	0.68279	0.76582
normalized,overlap: 0.87481	0.68513	0.76844
2624	5148	2935	0.47202	0.33762	0.39366	0.54410	0.38821	0.35623
7
any, strict: 0.82317	0.88226	0.85169
any,overlap: 0.83278	0.89256	0.86164
normalized,strict: 0.87182	0.68279	0.76582
normalized,overlap: 0.87481	0.68513	0.76844
2778	4994	2780	0.49982	0.35743	0.41680	0.56566	0.40708	0.37553
7
any, strict: 0.82317	0.88226	0.85169
any,overlap: 0.83278	0.89256	0.86164
normalized,strict: 0.87182	0.68279	0.76582
normalized,overlap: 0.87481	0.68513	0.76844
2896	4876	2667	0.52058	0.37261	0.43434	0.58294	0.42033	0.38925
8
any, strict: 0.82317	0.88226	0.85169
any,overlap: 0.83278	0.89256	0.86164
normalized,strict: 0.87182	0.68279	0.76582
normalized,overlap: 0.87481	0.68513	0.76844
2641	5131	2918	0.47508	0.33980	0.39621	0.54608	0.39047	0.35844
8
any, strict: 0.82317	0.88226	0.85169
any,overlap: 0.83278	0.89256	0.86164
normalized,strict: 0.87182	0.68279	0.76582
normalized,overlap: 0.87481	0.68513	0.76844
2769	5003	2792	0.49793	0.35627	0.41536	0.56259	0.40437	0.37263
8
any, strict: 0.82317	0.88226	0.85169
any,overlap: 0.83278	0.89256	0.86164
normalized,strict: 0.87182	0.68279	0.76582
normalized,overlap: 0.87481	0.68513	0.76844
2865	4907	2697	0.51510	0.36863	0.42972	0.57978	0.41745	0.38628
9
any, strict: 0.82317	0.88226	0.85169
any,overlap: 0.83278	0.89256	0.86164
normalized,strict: 0.87182	0.68279	0.76582
normalized,overlap: 0.87481	0.68513	0.76844
2616	5156	2945	0.47041	0.33659	0.39240	0.53845	0.38390	0.35144
9
any, strict: 0.82317	0.88226	0.85169
any,overlap: 0.83278	0.89256	0.86164
normalized,strict: 0.87182	0.68279	0.76582
normalized,overlap: 0.87481	0.68513	0.76844
2752	5020	2812	0.49460	0.35409	0.41271	0.55870	0.40172	0.36958
9
any, strict: 0.82317	0.88226	0.85169
any,overlap: 0.83278	0.89256	0.86164
normalized,strict: 0.87182	0.68279	0.76582
normalized,overlap: 0.87481	0.68513	0.76844
2856	4916	2706	0.51348	0.36747	0.42837	0.57860	0.41644	0.38524
10
any, strict: 0.82317	0.88226	0.85169
any,overlap: 0.83278	0.89256	0.86164
normalized,strict: 0.87182	0.68279	0.76582
normalized,overlap: 0.87481	0.68513	0.76844
2583	5189	2965	0.46557	0.33234	0.38783	0.53236	0.37728	0.34509
10
any, strict: 0.82317	0.88226	0.85169
any,overlap: 0.83278	0.89256	0.86164
normalized,strict: 0.87182	0.68279	0.76582
normalized,overlap: 0.87481	0.68513	0.76844
2719	5053	2845	0.48867	0.34984	0.40776	0.55324	0.39724	0.36486
10
any, strict: 0.82317	0.88226	0.85169
any,overlap: 0.83278	0.89256	0.86164
normalized,strict: 0.87182	0.68279	0.76582
normalized,overlap: 0.87481	0.68513	0.76844
2799	4973	2764	0.50314	0.36013	0.41979	0.56868	0.40972	0.37828
11
any, strict: 0.82317	0.88226	0.85169
any,overlap: 0.83278	0.89256	0.86164
normalized,strict: 0.87182	0.68279	0.76582
normalized,overlap: 0.87481	0.68513	0.76844
2547	5225	2999	0.45924	0.32771	0.38248	0.52781	0.37384	0.34129
11
any, strict: 0.82317	0.88226	0.85169
any,overlap: 0.83278	0.89256	0.86164
normalized,strict: 0.87182	0.68279	0.76582
normalized,overlap: 0.87481	0.68513	0.76844
2679	5093	2886	0.48140	0.34469	0.40173	0.54812	0.39256	0.36011
11
any, strict: 0.82317	0.88226	0.85169
any,overlap: 0.83278	0.89256	0.86164
normalized,strict: 0.87182	0.68279	0.76582
normalized,overlap: 0.87481	0.68513	0.76844
2771	5001	2794	0.49793	0.35653	0.41553	0.56486	0.40675	0.37504
12
any, strict: 0.82317	0.88226	0.85169
any,overlap: 0.83278	0.89256	0.86164
normalized,strict: 0.87182	0.68279	0.76582
normalized,overlap: 0.87481	0.68513	0.76844
2521	5251	3028	0.45431	0.32436	0.37850	0.52183	0.36856	0.33575
12
any, strict: 0.82317	0.88226	0.85169
any,overlap: 0.83278	0.89256	0.86164
normalized,strict: 0.87182	0.68279	0.76582
normalized,overlap: 0.87481	0.68513	0.76844
2629	5143	2933	0.47267	0.33826	0.39433	0.53894	0.38481	0.35200
12
any, strict: 0.82317	0.88226	0.85169
any,overlap: 0.83278	0.89256	0.86164
normalized,strict: 0.87182	0.68279	0.76582
normalized,overlap: 0.87481	0.68513	0.76844
2767	5005	2797	0.49730	0.35602	0.41496	0.56435	0.40625	0.37455
13
any, strict: 0.82317	0.88226	0.85169
any,overlap: 0.83278	0.89256	0.86164
normalized,strict: 0.87176	0.68240	0.76555
normalized,overlap: 0.87475	0.68474	0.76817
2518	5254	3030	0.45385	0.32398	0.37807	0.52171	0.36833	0.33529
13
any, strict: 0.82317	0.88226	0.85169
any,overlap: 0.83278	0.89256	0.86164
normalized,strict: 0.87182	0.68279	0.76582
normalized,overlap: 0.87481	0.68513	0.76844
2626	5146	2936	0.47213	0.33787	0.39388	0.53873	0.38413	0.35144
13
any, strict: 0.82317	0.88226	0.85169
any,overlap: 0.83278	0.89256	0.86164
normalized,strict: 0.87182	0.68279	0.76582
normalized,overlap: 0.87481	0.68513	0.76844
2753	5019	2811	0.49478	0.35422	0.41286	0.56146	0.40427	0.37226
14
any, strict: 0.82317	0.88226	0.85169
any,overlap: 0.83278	0.89256	0.86164
normalized,strict: 0.87208	0.68225	0.76557
normalized,overlap: 0.87507	0.68459	0.76820
2516	5256	3027	0.45390	0.32372	0.37791	0.52185	0.36936	0.33587
14
any, strict: 0.82317	0.88226	0.85169
any,overlap: 0.83278	0.89256	0.86164
normalized,strict: 0.87182	0.68279	0.76582
normalized,overlap: 0.87481	0.68513	0.76844
2648	5124	2913	0.47617	0.34071	0.39720	0.54178	0.38825	0.35515
14
any, strict: 0.82317	0.88226	0.85169
any,overlap: 0.83278	0.89256	0.86164
normalized,strict: 0.87182	0.68279	0.76582
normalized,overlap: 0.87481	0.68513	0.76844
2666	5106	2898	0.47915	0.34302	0.39982	0.54233	0.38740	0.35468
15
any, strict: 0.82317	0.88226	0.85169
any,overlap: 0.83278	0.89256	0.86164
normalized,strict: 0.87208	0.68225	0.76557
normalized,overlap: 0.87507	0.68459	0.76820
2503	5269	3043	0.45131	0.32205	0.37588	0.51940	0.36759	0.33389
15
any, strict: 0.82317	0.88226	0.85169
any,overlap: 0.83278	0.89256	0.86164
normalized,strict: 0.87176	0.68240	0.76555
normalized,overlap: 0.87475	0.68474	0.76817
2614	5158	2943	0.47039	0.33633	0.39222	0.53555	0.38243	0.34896
15
any, strict: 0.82317	0.88226	0.85169
any,overlap: 0.83278	0.89256	0.86164
normalized,strict: 0.87182	0.68279	0.76582
normalized,overlap: 0.87481	0.68513	0.76844
2675	5097	2892	0.48051	0.34418	0.40107	0.54355	0.38875	0.35593
16
any, strict: 0.82317	0.88226	0.85169
any,overlap: 0.83278	0.89256	0.86164
normalized,strict: 0.87208	0.68225	0.76557
normalized,overlap: 0.87507	0.68459	0.76820
2461	5311	3085	0.44374	0.31664	0.36957	0.51258	0.36231	0.32812
16
any, strict: 0.82317	0.88226	0.85169
any,overlap: 0.83278	0.89256	0.86164
normalized,strict: 0.87173	0.68225	0.76544
normalized,overlap: 0.87472	0.68459	0.76806
2603	5169	2955	0.46833	0.33492	0.39054	0.53439	0.38181	0.34804
16
any, strict: 0.82317	0.88226	0.85169
any,overlap: 0.83278	0.89256	0.86164
normalized,strict: 0.87182	0.68279	0.76582
normalized,overlap: 0.87481	0.68513	0.76844
2686	5086	2881	0.48248	0.34559	0.40272	0.54763	0.39352	0.36056
17
any, strict: 0.82317	0.88226	0.85169
any,overlap: 0.83278	0.89256	0.86164
normalized,strict: 0.87208	0.68225	0.76557
normalized,overlap: 0.87507	0.68459	0.76820
2454	5318	3091	0.44256	0.31574	0.36855	0.51194	0.36157	0.32746
17
any, strict: 0.82317	0.88226	0.85169
any,overlap: 0.83278	0.89256	0.86164
normalized,strict: 0.87173	0.68225	0.76544
normalized,overlap: 0.87472	0.68459	0.76806
2579	5193	2977	0.46418	0.33183	0.38700	0.53116	0.37861	0.34490
17
any, strict: 0.82317	0.88226	0.85169
any,overlap: 0.83278	0.89256	0.86164
normalized,strict: 0.87181	0.68272	0.76576
normalized,overlap: 0.87480	0.68505	0.76839
2686	5086	2879	0.48265	0.34559	0.40278	0.54790	0.39349	0.36066
18
any, strict: 0.82317	0.88226	0.85169
any,overlap: 0.83278	0.89256	0.86164
normalized,strict: 0.87207	0.68217	0.76552
normalized,overlap: 0.87506	0.68451	0.76814
2430	5342	3115	0.43823	0.31266	0.36494	0.50710	0.35793	0.32346
18
any, strict: 0.82317	0.88226	0.85169
any,overlap: 0.83278	0.89256	0.86164
normalized,strict: 0.87173	0.68225	0.76544
normalized,overlap: 0.87472	0.68459	0.76806
2514	5258	3040	0.45264	0.32346	0.37730	0.52058	0.37142	0.33664
18
any, strict: 0.82317	0.88226	0.85169
any,overlap: 0.83278	0.89256	0.86164
normalized,strict: 0.87173	0.68225	0.76544
normalized,overlap: 0.87472	0.68459	0.76806
2645	5127	2914	0.47580	0.34032	0.39681	0.54182	0.38752	0.35436
19
any, strict: 0.82317	0.88226	0.85169
any,overlap: 0.83278	0.89256	0.86164
normalized,strict: 0.87207	0.68217	0.76552
normalized,overlap: 0.87506	0.68451	0.76814
2417	5355	3128	0.43588	0.31098	0.36299	0.50438	0.35658	0.32174
19
any, strict: 0.82317	0.88226	0.85169
any,overlap: 0.83278	0.89256	0.86164
normalized,strict: 0.87173	0.68225	0.76544
normalized,overlap: 0.87472	0.68459	0.76806
2507	5265	3046	0.45146	0.32256	0.37628	0.51878	0.36971	0.33499
19
any, strict: 0.82317	0.88226	0.85169
any,overlap: 0.83278	0.89256	0.86164
normalized,strict: 0.87173	0.68225	0.76544
normalized,overlap: 0.87472	0.68459	0.76806
2624	5148	2931	0.47236	0.33762	0.39378	0.53913	0.38513	0.35188
0
any, strict: 0.82317	0.88226	0.85169
any,overlap: 0.83278	0.89256	0.86164
normalized,strict: 0.79316	0.81022	0.80160
normalized,overlap: 0.79926	0.81646	0.80777
2839	4933	4699	0.37662	0.36528	0.37086	0.40312	0.41774	0.32656
0
any, strict: 0.82317	0.88226	0.85169
any,overlap: 0.83278	0.89256	0.86164
normalized,strict: 0.79316	0.81022	0.80160
normalized,overlap: 0.79926	0.81646	0.80777
2839	4933	4699	0.37662	0.36528	0.37086	0.40312	0.41774	0.32656
1
any, strict: 0.82317	0.88226	0.85169
any,overlap: 0.83278	0.89256	0.86164
normalized,strict: 0.79316	0.81022	0.80160
normalized,overlap: 0.79926	0.81646	0.80777
2839	4933	4699	0.37662	0.36528	0.37086	0.40312	0.41774	0.32656
1
any, strict: 0.82317	0.88226	0.85169
any,overlap: 0.83278	0.89256	0.86164
normalized,strict: 0.79316	0.81022	0.80160
normalized,overlap: 0.79926	0.81646	0.80777
2839	4933	4699	0.37662	0.36528	0.37086	0.40312	0.41774	0.32656
2
any, strict: 0.82317	0.88226	0.85169
any,overlap: 0.83278	0.89256	0.86164
normalized,strict: 0.79316	0.81022	0.80160
normalized,overlap: 0.79926	0.81646	0.80777
2839	4933	4699	0.37662	0.36528	0.37086	0.40312	0.41774	0.32656
2
any, strict: 0.82317	0.88226	0.85169
any,overlap: 0.83278	0.89256	0.86164
normalized,strict: 0.79316	0.81022	0.80160
normalized,overlap: 0.79926	0.81646	0.80777
2839	4933	4699	0.37662	0.36528	0.37086	0.40312	0.41774	0.32656
3
any, strict: 0.82317	0.88226	0.85169
any,overlap: 0.83278	0.89256	0.86164
normalized,strict: 0.79316	0.81022	0.80160
normalized,overlap: 0.79926	0.81646	0.80777
2839	4933	4699	0.37662	0.36528	0.37086	0.40312	0.41774	0.32656
3
any, strict: 0.82317	0.88226	0.85169
any,overlap: 0.83278	0.89256	0.86164
normalized,strict: 0.79316	0.81022	0.80160
normalized,overlap: 0.79926	0.81646	0.80777
2839	4933	4699	0.37662	0.36528	0.37086	0.40312	0.41774	0.32656
4
any, strict: 0.82317	0.88226	0.85169
any,overlap: 0.83278	0.89256	0.86164
normalized,strict: 0.79316	0.81022	0.80160
normalized,overlap: 0.79926	0.81646	0.80777
2839	4933	4699	0.37662	0.36528	0.37086	0.40312	0.41774	0.32656
4
any, strict: 0.82317	0.88226	0.85169
any,overlap: 0.83278	0.89256	0.86164
normalized,strict: 0.79316	0.81022	0.80160
normalized,overlap: 0.79926	0.81646	0.80777
2839	4933	4699	0.37662	0.36528	0.37086	0.40312	0.41774	0.32656
5
any, strict: 0.82317	0.88226	0.85169
any,overlap: 0.83278	0.89256	0.86164
normalized,strict: 0.79316	0.81022	0.80160
normalized,overlap: 0.79926	0.81646	0.80777
2839	4933	4699	0.37662	0.36528	0.37086	0.40312	0.41774	0.32656
5
any, strict: 0.82317	0.88226	0.85169
any,overlap: 0.83278	0.89256	0.86164
normalized,strict: 0.79316	0.81022	0.80160
normalized,overlap: 0.79926	0.81646	0.80777
2839	4933	4699	0.37662	0.36528	0.37086	0.40312	0.41774	0.32656
6
any, strict: 0.82317	0.88226	0.85169
any,overlap: 0.83278	0.89256	0.86164
normalized,strict: 0.79316	0.81022	0.80160
normalized,overlap: 0.79926	0.81646	0.80777
2839	4933	4699	0.37662	0.36528	0.37086	0.40312	0.41774	0.32656
6
any, strict: 0.82317	0.88226	0.85169
any,overlap: 0.83278	0.89256	0.86164
normalized,strict: 0.79316	0.81022	0.80160
normalized,overlap: 0.79926	0.81646	0.80777
2839	4933	4699	0.37662	0.36528	0.37086	0.40312	0.41774	0.32656
7
any, strict: 0.82317	0.88226	0.85169
any,overlap: 0.83278	0.89256	0.86164
normalized,strict: 0.79316	0.81022	0.80160
normalized,overlap: 0.79926	0.81646	0.80777
2839	4933	4699	0.37662	0.36528	0.37086	0.40312	0.41774	0.32656
7
any, strict: 0.82317	0.88226	0.85169
any,overlap: 0.83278	0.89256	0.86164
normalized,strict: 0.79316	0.81022	0.80160
normalized,overlap: 0.79926	0.81646	0.80777
2839	4933	4699	0.37662	0.36528	0.37086	0.40312	0.41774	0.32656
8
any, strict: 0.82317	0.88226	0.85169
any,overlap: 0.83278	0.89256	0.86164
normalized,strict: 0.79316	0.81022	0.80160
normalized,overlap: 0.79926	0.81646	0.80777
2839	4933	4699	0.37662	0.36528	0.37086	0.40312	0.41774	0.32656
8
any, strict: 0.82317	0.88226	0.85169
any,overlap: 0.83278	0.89256	0.86164
normalized,strict: 0.79316	0.81022	0.80160
normalized,overlap: 0.79926	0.81646	0.80777
2839	4933	4699	0.37662	0.36528	0.37086	0.40312	0.41774	0.32656
9
any, strict: 0.82317	0.88226	0.85169
any,overlap: 0.83278	0.89256	0.86164
normalized,strict: 0.79316	0.81022	0.80160
normalized,overlap: 0.79926	0.81646	0.80777
2839	4933	4699	0.37662	0.36528	0.37086	0.40312	0.41774	0.32656
9
any, strict: 0.82317	0.88226	0.85169
any,overlap: 0.83278	0.89256	0.86164
normalized,strict: 0.79316	0.81022	0.80160
normalized,overlap: 0.79926	0.81646	0.80777
2839	4933	4699	0.37662	0.36528	0.37086	0.40312	0.41774	0.32656
10
any, strict: 0.82317	0.88226	0.85169
any,overlap: 0.83278	0.89256	0.86164
normalized,strict: 0.79316	0.81022	0.80160
normalized,overlap: 0.79926	0.81646	0.80777
2839	4933	4699	0.37662	0.36528	0.37086	0.40312	0.41774	0.32656
10
any, strict: 0.82317	0.88226	0.85169
any,overlap: 0.83278	0.89256	0.86164
normalized,strict: 0.79316	0.81022	0.80160
normalized,overlap: 0.79926	0.81646	0.80777
2839	4933	4699	0.37662	0.36528	0.37086	0.40312	0.41774	0.32656
11
any, strict: 0.82317	0.88226	0.85169
any,overlap: 0.83278	0.89256	0.86164
normalized,strict: 0.79316	0.81022	0.80160
normalized,overlap: 0.79926	0.81646	0.80777
2839	4933	4699	0.37662	0.36528	0.37086	0.40312	0.41774	0.32656
11
any, strict: 0.82317	0.88226	0.85169
any,overlap: 0.83278	0.89256	0.86164
normalized,strict: 0.79316	0.81022	0.80160
normalized,overlap: 0.79926	0.81646	0.80777
2839	4933	4699	0.37662	0.36528	0.37086	0.40312	0.41774	0.32656
12
any, strict: 0.82317	0.88226	0.85169
any,overlap: 0.83278	0.89256	0.86164
normalized,strict: 0.79316	0.81022	0.80160
normalized,overlap: 0.79926	0.81646	0.80777
2839	4933	4699	0.37662	0.36528	0.37086	0.40312	0.41774	0.32656
12
any, strict: 0.82317	0.88226	0.85169
any,overlap: 0.83278	0.89256	0.86164
normalized,strict: 0.79316	0.81022	0.80160
normalized,overlap: 0.79926	0.81646	0.80777
2839	4933	4699	0.37662	0.36528	0.37086	0.40312	0.41774	0.32656
13
any, strict: 0.82317	0.88226	0.85169
any,overlap: 0.83278	0.89256	0.86164
normalized,strict: 0.79316	0.81022	0.80160
normalized,overlap: 0.79926	0.81646	0.80777
2839	4933	4699	0.37662	0.36528	0.37086	0.40312	0.41774	0.32656
13
any, strict: 0.82317	0.88226	0.85169
any,overlap: 0.83278	0.89256	0.86164
normalized,strict: 0.79316	0.81022	0.80160
normalized,overlap: 0.79926	0.81646	0.80777
2839	4933	4699	0.37662	0.36528	0.37086	0.40312	0.41774	0.32656
14
any, strict: 0.82317	0.88226	0.85169
any,overlap: 0.83278	0.89256	0.86164
normalized,strict: 0.79316	0.81022	0.80160
normalized,overlap: 0.79926	0.81646	0.80777
2839	4933	4699	0.37662	0.36528	0.37086	0.40312	0.41774	0.32656
14
any, strict: 0.82317	0.88226	0.85169
any,overlap: 0.83278	0.89256	0.86164
normalized,strict: 0.79316	0.81022	0.80160
normalized,overlap: 0.79926	0.81646	0.80777
2839	4933	4699	0.37662	0.36528	0.37086	0.40312	0.41774	0.32656
15
any, strict: 0.82317	0.88226	0.85169
any,overlap: 0.83278	0.89256	0.86164
normalized,strict: 0.79316	0.81022	0.80160
normalized,overlap: 0.79926	0.81646	0.80777
2839	4933	4699	0.37662	0.36528	0.37086	0.40312	0.41774	0.32656
15
any, strict: 0.82317	0.88226	0.85169
any,overlap: 0.83278	0.89256	0.86164
normalized,strict: 0.79316	0.81022	0.80160
normalized,overlap: 0.79926	0.81646	0.80777
2839	4933	4699	0.37662	0.36528	0.37086	0.40312	0.41774	0.32656
16
any, strict: 0.82317	0.88226	0.85169
any,overlap: 0.83278	0.89256	0.86164
normalized,strict: 0.79316	0.81022	0.80160
normalized,overlap: 0.79926	0.81646	0.80777
2839	4933	4699	0.37662	0.36528	0.37086	0.40312	0.41774	0.32656
16
any, strict: 0.82317	0.88226	0.85169
any,overlap: 0.83278	0.89256	0.86164
normalized,strict: 0.79316	0.81022	0.80160
normalized,overlap: 0.79926	0.81646	0.80777
2839	4933	4699	0.37662	0.36528	0.37086	0.40312	0.41774	0.32656
17
any, strict: 0.82317	0.88226	0.85169
any,overlap: 0.83278	0.89256	0.86164
normalized,strict: 0.79316	0.81022	0.80160
normalized,overlap: 0.79926	0.81646	0.80777
2839	4933	4699	0.37662	0.36528	0.37086	0.40312	0.41774	0.32656
17
any, strict: 0.82317	0.88226	0.85169
any,overlap: 0.83278	0.89256	0.86164
normalized,strict: 0.79316	0.81022	0.80160
normalized,overlap: 0.79926	0.81646	0.80777
2839	4933	4699	0.37662	0.36528	0.37086	0.40312	0.41774	0.32656
18
any, strict: 0.82317	0.88226	0.85169
any,overlap: 0.83278	0.89256	0.86164
normalized,strict: 0.79316	0.81022	0.80160
normalized,overlap: 0.79926	0.81646	0.80777
2839	4933	4699	0.37662	0.36528	0.37086	0.40312	0.41774	0.32656
18
any, strict: 0.82317	0.88226	0.85169
any,overlap: 0.83278	0.89256	0.86164
normalized,strict: 0.79316	0.81022	0.80160
normalized,overlap: 0.79926	0.81646	0.80777
2839	4933	4699	0.37662	0.36528	0.37086	0.40312	0.41774	0.32656
19
any, strict: 0.82317	0.88226	0.85169
any,overlap: 0.83278	0.89256	0.86164
normalized,strict: 0.79316	0.81022	0.80160
normalized,overlap: 0.79926	0.81646	0.80777
2839	4933	4699	0.37662	0.36528	0.37086	0.40312	0.41774	0.32656
19
any, strict: 0.82317	0.88226	0.85169
any,overlap: 0.83278	0.89256	0.86164
normalized,strict: 0.79316	0.81022	0.80160
normalized,overlap: 0.79926	0.81646	0.80777
2839	4933	4699	0.37662	0.36528	0.37086	0.40312	0.41774	0.32656
0
any, strict: 0.82317	0.88226	0.85169
any,overlap: 0.83278	0.89256	0.86164
normalized,strict: 0.79132	0.77640	0.78379
normalized,overlap: 0.79656	0.78154	0.78898
2386	5386	4819	0.33115	0.30699	0.31862	0.37045	0.35755	0.27219
0
any, strict: 0.82317	0.88226	0.85169
any,overlap: 0.83278	0.89256	0.86164
normalized,strict: 0.79132	0.77640	0.78379
normalized,overlap: 0.79656	0.78154	0.78898
2349	5423	4860	0.32584	0.30223	0.31359	0.36530	0.35212	0.26711
0
any, strict: 0.82317	0.88226	0.85169
any,overlap: 0.83278	0.89256	0.86164
normalized,strict: 0.79132	0.77640	0.78379
normalized,overlap: 0.79656	0.78154	0.78898
2701	5071	4507	0.37472	0.34752	0.36061	0.41451	0.40020	0.31404
1
any, strict: 0.82317	0.88226	0.85169
any,overlap: 0.83278	0.89256	0.86164
normalized,strict: 0.79132	0.77640	0.78379
normalized,overlap: 0.79656	0.78154	0.78898
2339	5433	4873	0.32432	0.30095	0.31219	0.36384	0.35103	0.26591
1
any, strict: 0.82317	0.88226	0.85169
any,overlap: 0.83278	0.89256	0.86164
normalized,strict: 0.79132	0.77640	0.78379
normalized,overlap: 0.79656	0.78154	0.78898
2699	5073	4509	0.37444	0.34727	0.36034	0.41411	0.39981	0.31365
2
any, strict: 0.82317	0.88226	0.85169
any,overlap: 0.83278	0.89256	0.86164
normalized,strict: 0.79132	0.77640	0.78379
normalized,overlap: 0.79656	0.78154	0.78898
2346	5426	4864	0.32538	0.30185	0.31317	0.36470	0.35184	0.26672
2
any, strict: 0.82317	0.88226	0.85169
any,overlap: 0.83278	0.89256	0.86164
normalized,strict: 0.79132	0.77640	0.78379
normalized,overlap: 0.79656	0.78154	0.78898
2683	5089	4525	0.37222	0.34521	0.35821	0.41155	0.39712	0.31123
3
any, strict: 0.82317	0.88226	0.85169
any,overlap: 0.83278	0.89256	0.86164
normalized,strict: 0.79132	0.77640	0.78379
normalized,overlap: 0.79656	0.78154	0.78898
2340	5432	4870	0.32454	0.30108	0.31237	0.36382	0.35101	0.26588
3
any, strict: 0.82317	0.88226	0.85169
any,overlap: 0.83278	0.89256	0.86164
normalized,strict: 0.79132	0.77640	0.78379
normalized,overlap: 0.79656	0.78154	0.78898
2682	5090	4526	0.37208	0.34508	0.35807	0.41123	0.39680	0.31092
4
any, strict: 0.82317	0.88226	0.85169
any,overlap: 0.83278	0.89256	0.86164
normalized,strict: 0.79132	0.77640	0.78379
normalized,overlap: 0.79656	0.78154	0.78898
2342	5430	4866	0.32491	0.30133	0.31268	0.36430	0.35149	0.26635
4
any, strict: 0.82317	0.88226	0.85169
any,overlap: 0.83278	0.89256	0.86164
normalized,strict: 0.79132	0.77640	0.78379
normalized,overlap: 0.79656	0.78154	0.78898
2679	5093	4529	0.37167	0.34469	0.35767	0.41057	0.39614	0.31025
5
any, strict: 0.82317	0.88226	0.85169
any,overlap: 0.83278	0.89256	0.86164
normalized,strict: 0.79132	0.77640	0.78379
normalized,overlap: 0.79656	0.78154	0.78898
2345	5427	4864	0.32528	0.30172	0.31306	0.36485	0.35187	0.26679
5
any, strict: 0.82317	0.88226	0.85169
any,overlap: 0.83278	0.89256	0.86164
normalized,strict: 0.79132	0.77640	0.78379
normalized,overlap: 0.79656	0.78154	0.78898
2677	5095	4531	0.37139	0.34444	0.35740	0.41004	0.39575	0.30981
6
any, strict: 0.82317	0.88226	0.85169
any,overlap: 0.83278	0.89256	0.86164
normalized,strict: 0.79132	0.77640	0.78379
normalized,overlap: 0.79656	0.78154	0.78898
2345	5427	4865	0.32524	0.30172	0.31304	0.36485	0.35187	0.26679
6
any, strict: 0.82317	0.88226	0.85169
any,overlap: 0.83278	0.89256	0.86164
normalized,strict: 0.79132	0.77640	0.78379
normalized,overlap: 0.79656	0.78154	0.78898
2676	5096	4532	0.37125	0.34431	0.35727	0.40977	0.39561	0.30964
7
any, strict: 0.82317	0.88226	0.85169
any,overlap: 0.83278	0.89256	0.86164
normalized,strict: 0.79132	0.77640	0.78379
normalized,overlap: 0.79656	0.78154	0.78898
2348	5424	4865	0.32552	0.30211	0.31338	0.36463	0.35183	0.26669
7
any, strict: 0.82317	0.88226	0.85169
any,overlap: 0.83278	0.89256	0.86164
normalized,strict: 0.79132	0.77640	0.78379
normalized,overlap: 0.79656	0.78154	0.78898
2676	5096	4532	0.37125	0.34431	0.35727	0.40977	0.39561	0.30964
8
any, strict: 0.82317	0.88226	0.85169
any,overlap: 0.83278	0.89256	0.86164
normalized,strict: 0.79132	0.77640	0.78379
normalized,overlap: 0.79656	0.78154	0.78898
2345	5427	4869	0.32506	0.30172	0.31295	0.36451	0.35171	0.26658
8
any, strict: 0.82317	0.88226	0.85169
any,overlap: 0.83278	0.89256	0.86164
normalized,strict: 0.79132	0.77640	0.78379
normalized,overlap: 0.79656	0.78154	0.78898
2676	5096	4532	0.37125	0.34431	0.35727	0.40977	0.39561	0.30964
9
any, strict: 0.82317	0.88226	0.85169
any,overlap: 0.83278	0.89256	0.86164
normalized,strict: 0.79132	0.77640	0.78379
normalized,overlap: 0.79656	0.78154	0.78898
2349	5423	4865	0.32561	0.30223	0.31349	0.36471	0.35188	0.26676
9
any, strict: 0.82317	0.88226	0.85169
any,overlap: 0.83278	0.89256	0.86164
normalized,strict: 0.79132	0.77640	0.78379
normalized,overlap: 0.79656	0.78154	0.78898
2677	5095	4531	0.37139	0.34444	0.35740	0.40984	0.39570	0.30971
10
any, strict: 0.82317	0.88226	0.85169
any,overlap: 0.83278	0.89256	0.86164
normalized,strict: 0.79132	0.77640	0.78379
normalized,overlap: 0.79656	0.78154	0.78898
2346	5426	4868	0.32520	0.30185	0.31309	0.36460	0.35176	0.26664
10
any, strict: 0.82317	0.88226	0.85169
any,overlap: 0.83278	0.89256	0.86164
normalized,strict: 0.79132	0.77640	0.78379
normalized,overlap: 0.79656	0.78154	0.78898
2669	5103	4539	0.37028	0.34341	0.35634	0.40936	0.39467	0.30907
11
any, strict: 0.82317	0.88226	0.85169
any,overlap: 0.83278	0.89256	0.86164
normalized,strict: 0.79132	0.77640	0.78379
normalized,overlap: 0.79656	0.78154	0.78898
2354	5418	4864	0.32612	0.30288	0.31407	0.36561	0.35362	0.26794
11
any, strict: 0.82317	0.88226	0.85169
any,overlap: 0.83278	0.89256	0.86164
normalized,strict: 0.79132	0.77640	0.78379
normalized,overlap: 0.79656	0.78154	0.78898
2669	5103	4539	0.37028	0.34341	0.35634	0.40936	0.39467	0.30907
12
any, strict: 0.82317	0.88226	0.85169
any,overlap: 0.83278	0.89256	0.86164
normalized,strict: 0.79132	0.77640	0.78379
normalized,overlap: 0.79656	0.78154	0.78898
2349	5423	4869	0.32543	0.30223	0.31340	0.36486	0.35287	0.26719
12
any, strict: 0.82317	0.88226	0.85169
any,overlap: 0.83278	0.89256	0.86164
normalized,strict: 0.79132	0.77640	0.78379
normalized,overlap: 0.79656	0.78154	0.78898
2662	5110	4546	0.36931	0.34251	0.35540	0.40878	0.39379	0.30837
13
any, strict: 0.82317	0.88226	0.85169
any,overlap: 0.83278	0.89256	0.86164
normalized,strict: 0.79132	0.77640	0.78379
normalized,overlap: 0.79656	0.78154	0.78898
2350	5422	4868	0.32557	0.30236	0.31354	0.36512	0.35313	0.26746
13
any, strict: 0.82317	0.88226	0.85169
any,overlap: 0.83278	0.89256	0.86164
normalized,strict: 0.79132	0.77640	0.78379
normalized,overlap: 0.79656	0.78154	0.78898
2663	5109	4545	0.36945	0.34264	0.35554	0.40884	0.39387	0.30845
14
any, strict: 0.82317	0.88226	0.85169
any,overlap: 0.83278	0.89256	0.86164
normalized,strict: 0.79132	0.77640	0.78379
normalized,overlap: 0.79656	0.78154	0.78898
2348	5424	4871	0.32525	0.30211	0.31325	0.36453	0.35279	0.26702
14
any, strict: 0.82317	0.88226	0.85169
any,overlap: 0.83278	0.89256	0.86164
normalized,strict: 0.79132	0.77640	0.78379
normalized,overlap: 0.79656	0.78154	0.78898
2637	5135	4571	0.36584	0.33929	0.35206	0.40270	0.38819	0.30268
15
any, strict: 0.82317	0.88226	0.85169
any,overlap: 0.83278	0.89256	0.86164
normalized,strict: 0.79132	0.77640	0.78379
normalized,overlap: 0.79656	0.78154	0.78898
2350	5422	4867	0.32562	0.30236	0.31356	0.36463	0.35292	0.26714
15
any, strict: 0.82317	0.88226	0.85169
any,overlap: 0.83278	0.89256	0.86164
normalized,strict: 0.79132	0.77640	0.78379
normalized,overlap: 0.79656	0.78154	0.78898
2637	5135	4571	0.36584	0.33929	0.35206	0.40270	0.38819	0.30268
16
any, strict: 0.82317	0.88226	0.85169
any,overlap: 0.83278	0.89256	0.86164
normalized,strict: 0.79132	0.77640	0.78379
normalized,overlap: 0.79656	0.78154	0.78898
2343	5429	4875	0.32460	0.30146	0.31260	0.36189	0.34974	0.26421
16
any, strict: 0.82317	0.88226	0.85169
any,overlap: 0.83278	0.89256	0.86164
normalized,strict: 0.79132	0.77640	0.78379
normalized,overlap: 0.79656	0.78154	0.78898
2636	5136	4572	0.36570	0.33916	0.35193	0.40263	0.38814	0.30262
17
any, strict: 0.82317	0.88226	0.85169
any,overlap: 0.83278	0.89256	0.86164
normalized,strict: 0.79132	0.77640	0.78379
normalized,overlap: 0.79656	0.78154	0.78898
2333	5439	4885	0.32321	0.30018	0.31127	0.36106	0.34902	0.26346
17
any, strict: 0.82317	0.88226	0.85169
any,overlap: 0.83278	0.89256	0.86164
normalized,strict: 0.79132	0.77640	0.78379
normalized,overlap: 0.79656	0.78154	0.78898
2630	5142	4578	0.36487	0.33839	0.35113	0.40184	0.38748	0.30196
18
any, strict: 0.82317	0.88226	0.85169
any,overlap: 0.83278	0.89256	0.86164
normalized,strict: 0.79132	0.77640	0.78379
normalized,overlap: 0.79656	0.78154	0.78898
2331	5441	4887	0.32294	0.29992	0.31100	0.36100	0.34896	0.26340
18
any, strict: 0.82317	0.88226	0.85169
any,overlap: 0.83278	0.89256	0.86164
normalized,strict: 0.79132	0.77640	0.78379
normalized,overlap: 0.79656	0.78154	0.78898
2630	5142	4578	0.36487	0.33839	0.35113	0.40184	0.38748	0.30196
0
any, strict: 0.82317	0.88226	0.85169
any,overlap: 0.83278	0.89256	0.86164
normalized,strict: 0.79132	0.77640	0.78379
normalized,overlap: 0.79656	0.78154	0.78898
2630	5142	4578	0.36487	0.33839	0.35113	0.40184	0.38748	0.30196
